%YAML:1.0
---
cameraMatrix: !!opencv-matrix
   rows: 3
   cols: 3
   dt: d
   data: [ 3.8198553466796875e+02, 0., 3.166686096191406e+02, 0.,
       3.8198553466796875e+02, 2.3604266357421875e+02, 0., 0., 1. ]
distCoeffs: !!opencv-matrix
   rows: 1
   cols: 5
   dt: d
   data: [ 1.1937988918498457e-03, 8.0591569691621338e-03,
       3.6978306179546349e-04, 1.4514831074790649e-04,
       -1.4462950678501642e-02 ]
